   支店１ 支店２ 支店３ 支店４ 支店５
1     9.8   10.8    5.6   11.4    8.9
2     8.2    3.9   12.9    7.9    6.4
3     5.9    5.1    5.7   11.9    2.1
4    11.1   14.8   10.8   10.8   13.8
5    11.2    5.0   10.2   11.8    7.0
6    18.3   15.1    8.9   18.2   13.3
7    16.6    1.2    7.4   17.5   34.4
8    79.0   92.0    1.4    7.7   12.2
9     8.1   18.5   14.2    7.3   10.2
10    0.5    2.3   12.8    0.6    0.5
11    0.8   20.0    4.3    0.8    0.3
12   10.4    2.3   12.5   10.4    8.8
13   16.7    6.6   16.3   18.3   -2.1
14    1.8   14.2    2.2    1.4    0.2
15    2.8    6.3    8.8    2.6    2.5
16    6.4    2.2   14.5    5.8    7.4
17    4.9    4.2   19.2    4.8    2.6
18    3.5   18.0    3.3    3.3    5.2
19    9.5   10.9    2.0   10.9    5.0
20    6.7   11.6    1.6    6.7    1.7
